    0.185934845     0.193744862     0.201777812     0.210034398     0.218514997     0.227219645     0.236148021     0.245299435     0.254672817     0.264266699     0.274079209     0.284108057     0.294350524     0.304803452     0.315463236     0.326325816     0.337386666     0.348640794     0.360082732     0.371706532     0.383505764     0.395473514     0.407602384     0.419884490     0.432311467     0.444874469     0.457564176     0.470370798     0.483284086     0.496293333     0.509387394     0.522554691     0.535783226     0.549060599     0.562374023     0.575710339     0.589056036     0.602397273     0.615719898     0.629009473     0.642251293     0.655430420     0.668531701     0.681539800     0.694439225     0.707214360     0.719849491     0.732328841     0.744636602     0.756756964     0.768674152     0.780372458     0.791836277     0.803050138     0.813998739     0.824666985     0.835040018     0.845103256     0.854842422     0.864243579     0.873293168     0.881978033     0.890285457     0.898203194     0.905719495     0.912823141     0.919503469     0.925750398     0.931554457     0.936906805     0.941799258     0.946224305     0.950175131     0.953645634     0.956630438     0.959124910     0.961125170     0.962628101     0.963631362     0.964133384     0.964133384     0.963631362     0.962628101     0.961125170     0.959124910     0.956630438     0.953645634     0.950175131     0.946224305     0.941799258     0.936906805     0.931554457     0.925750398     0.919503469     0.912823141     0.905719495     0.898203194     0.890285457     0.881978033     0.873293168     0.864243579     0.854842422     0.845103256     0.835040018     0.824666985     0.813998739     0.803050138     0.791836277     0.780372458     0.768674152     0.756756964     0.744636602     0.732328841     0.719849491     0.707214360     0.694439225     0.681539800     0.668531701     0.655430420     0.642251293     0.629009473     0.615719898     0.602397273     0.589056036     0.575710339     0.562374023     0.549060599     0.535783226     0.522554691     0.509387394     0.496293333     0.483284086     0.470370798     0.457564176     0.444874469     0.432311467     0.419884490     0.407602384     0.395473514     0.383505764     0.371706532     0.360082732     0.348640794     0.337386666     0.326325816     0.315463236     0.304803452     0.294350524     0.284108057     0.274079209     0.264266699     0.254672817     0.245299435     0.236148021     0.227219645     0.218514997     0.210034398     0.201777812     0.193744862     0.185934845 
    0.193744862     0.201882932     0.210253298     0.218856694     0.227693513     0.236763791     0.246067195     0.255603006     0.265370107     0.275366971     0.285591647     0.296041747     0.306714439     0.317606433     0.328713971     0.340032823     0.351558274     0.363285121     0.375207666     0.387319713     0.399614560     0.412085005     0.424723336     0.437521341     0.450470301     0.463561000     0.476783726     0.490128279     0.503583976     0.517139665     0.530783730     0.544504106     0.558288293     0.572123370     0.585996011     0.599892506     0.613798777     0.627700400     0.641582630     0.655430420     0.669228451     0.682961154     0.696612742     0.710167234     0.723608488     0.736920230     0.750086087     0.763089621     0.775914357     0.788543823     0.800961582     0.813151265     0.825096610     0.836781498     0.848189985     0.859306341     0.870115084     0.880601018     0.890749268     0.900545313     0.909975021     0.919024685     0.927681055     0.935931369     0.943763385     0.951165413     0.958126341     0.964635667     0.970683520     0.976260689     0.981358644     0.985969561     0.990086338     0.993702616     0.996812794     0.999412044     1.001496322     1.003062384     1.004107785     1.004630894     1.004630894     1.004107785     1.003062384     1.001496322     0.999412044     0.996812794     0.993702616     0.990086338     0.985969561     0.981358644     0.976260689     0.970683520     0.964635667     0.958126341     0.951165413     0.943763385     0.935931369     0.927681055     0.919024685     0.909975021     0.900545313     0.890749268     0.880601018     0.870115084     0.859306341     0.848189985     0.836781498     0.825096610     0.813151265     0.800961582     0.788543823     0.775914357     0.763089621     0.750086087     0.736920230     0.723608488     0.710167234     0.696612742     0.682961154     0.669228451     0.655430420     0.641582630     0.627700400     0.613798777     0.599892506     0.585996011     0.572123370     0.558288293     0.544504106     0.530783730     0.517139665     0.503583976     0.490128279     0.476783726     0.463561000     0.450470301     0.437521341     0.424723336     0.412085005     0.399614560     0.387319713     0.375207666     0.363285121     0.351558274     0.340032823     0.328713971     0.317606433     0.306714439     0.296041747     0.285591647     0.275366971     0.265370107     0.255603006     0.246067195     0.236763791     0.227693513     0.218856694     0.210253298     0.201882932     0.193744862 
    0.201777812     0.210253298     0.218970711     0.227930817     0.237134024     0.246580370     0.256269506     0.266200686     0.276372746     0.286784095     0.297432701     0.308316078     0.319431275     0.330774867     0.342342940     0.354131088     0.366134401     0.378347461     0.390764333     0.403378563     0.416183173     0.429170660     0.442332996     0.455661625     0.469147468     0.482780927     0.496551887     0.510449724     0.524463315     0.538581043     0.552790811     0.567080054     0.581435754     0.595844454     0.610292276     0.624764940     0.639247785     0.653725791     0.668183598     0.682605538     0.696975656     0.711277738     0.725495340     0.739611822     0.753610369     0.767474036     0.781185770     0.794728449     0.808084918     0.821238021     0.834170638     0.846865723     0.859306341     0.871475701     0.883357201     0.894934457     0.906191347     0.917112044     0.927681055     0.937883258     0.947703936     0.957128813     0.966144089     0.974736472     0.982893216     0.990602143     0.997851682     1.004630894     1.010929499     1.016737906     1.022047230     1.026849323     1.031136787     1.034903002     1.038142132     1.040849150     1.043019846     1.044650839     1.045739584     1.046284382     1.046284382     1.045739584     1.044650839     1.043019846     1.040849150     1.038142132     1.034903002     1.031136787     1.026849323     1.022047230     1.016737906     1.010929499     1.004630894     0.997851682     0.990602143     0.982893216     0.974736472     0.966144089     0.957128813     0.947703936     0.937883258     0.927681055     0.917112044     0.906191347     0.894934457     0.883357201     0.871475701     0.859306341     0.846865723     0.834170638     0.821238021     0.808084918     0.794728449     0.781185770     0.767474036     0.753610369     0.739611822     0.725495340     0.711277738     0.696975656     0.682605538     0.668183598     0.653725791     0.639247785     0.624764940     0.610292276     0.595844454     0.581435754     0.567080054     0.552790811     0.538581043     0.524463315     0.510449724     0.496551887     0.482780927     0.469147468     0.455661625     0.442332996     0.429170660     0.416183173     0.403378563     0.390764333     0.378347461     0.366134401     0.354131088     0.342342940     0.330774867     0.319431275     0.308316078     0.297432701     0.286784095     0.276372746     0.266200686     0.256269506     0.246580370     0.237134024     0.227930817     0.218970711     0.210253298     0.201777812 
    0.210034398     0.218856694     0.227930817     0.237257563     0.246837358     0.256670240     0.266755849     0.277093405     0.287681697     0.298519070     0.309603408     0.320932124     0.332502147     0.344309909     0.356351338     0.368621848     0.381116327     0.393829136     0.406754096     0.419884490     0.433213055     0.446731980     0.460432907     0.474306933     0.488344606     0.502535935     0.516870392     0.531336918     0.545923933     0.560619347     0.575410567     0.590284515     0.605227639     0.620225931     0.635264946     0.650329820     0.665405292     0.680475725     0.695525135     0.710537209     0.725495340     0.740382652     0.755182028     0.769876144     0.784447501     0.798878458     0.813151265     0.827248100     0.841151105     0.854842422     0.868304231     0.881518789     0.894468467     0.907135788     0.919503469     0.931554457     0.943271969     0.954639533     0.965641020     0.976260689     0.986483221     0.996293756     1.005677929     1.014621907     1.023112417     1.031136787     1.038682972     1.045739584     1.052295923     1.058342005     1.063868583     1.068867173     1.073330077     1.077250402     1.080622075     1.083439862     1.085699382     1.087397113     1.088530408     1.089097499     1.089097499     1.088530408     1.087397113     1.085699382     1.083439862     1.080622075     1.077250402     1.073330077     1.068867173     1.063868583     1.058342005     1.052295923     1.045739584     1.038682972     1.031136787     1.023112417     1.014621907     1.005677929     0.996293756     0.986483221     0.976260689     0.965641020     0.954639533     0.943271969     0.931554457     0.919503469     0.907135788     0.894468467     0.881518789     0.868304231     0.854842422     0.841151105     0.827248100     0.813151265     0.798878458     0.784447501     0.769876144     0.755182028     0.740382652     0.725495340     0.710537209     0.695525135     0.680475725     0.665405292     0.650329820     0.635264946     0.620225931     0.605227639     0.590284515     0.575410567     0.560619347     0.545923933     0.531336918     0.516870392     0.502535935     0.488344606     0.474306933     0.460432907     0.446731980     0.433213055     0.419884490     0.406754096     0.393829136     0.381116327     0.368621848     0.356351338     0.344309909     0.332502147     0.320932124     0.309603408     0.298519070     0.287681697     0.277093405     0.266755849     0.256670240     0.246837358     0.237257563     0.227930817     0.218856694     0.210034398 
    0.218514997     0.227693513     0.237134024     0.246837358     0.256803958     0.267033864     0.277526701     0.288281658     0.299297476     0.310572432     0.322104325     0.333890463     0.345927650     0.358212177     0.370739805     0.383505764     0.396504735     0.409730851     0.423177685     0.436838247     0.450704982     0.464769763     0.479023896     0.493458116     0.508062591     0.522826926     0.537740167     0.552790811     0.567966810     0.583255583     0.598644031     0.614118547     0.629665032     0.645268913     0.660915162     0.676588313     0.692272490     0.707951425     0.723608488     0.739226707     0.754788806     0.770277225     0.785674158     0.800961582     0.816121290     0.831134928     0.845984031     0.860650056     0.875114425     0.889358559     0.903363919     0.917112044     0.930584593     0.943763385     0.956630438     0.969168011     0.981358644     0.993185198     1.004630894     1.015679355     1.026314644     1.036521302     1.046284382     1.055589492     1.064422825     1.072771197     1.080622075     1.087963613     1.094784679     1.101074885     1.106824610     1.112025029     1.116668134     1.120746750     1.124254562     1.127186123     1.129536876     1.131303157     1.132482211     1.133072199     1.133072199     1.132482211     1.131303157     1.129536876     1.127186123     1.124254562     1.120746750     1.116668134     1.112025029     1.106824610     1.101074885     1.094784679     1.087963613     1.080622075     1.072771197     1.064422825     1.055589492     1.046284382     1.036521302     1.026314644     1.015679355     1.004630894     0.993185198     0.981358644     0.969168011     0.956630438     0.943763385     0.930584593     0.917112044     0.903363919     0.889358559     0.875114425     0.860650056     0.845984031     0.831134928     0.816121290     0.800961582     0.785674158     0.770277225     0.754788806     0.739226707     0.723608488     0.707951425     0.692272490     0.676588313     0.660915162     0.645268913     0.629665032     0.614118547     0.598644031     0.583255583     0.567966810     0.552790811     0.537740167     0.522826926     0.508062591     0.493458116     0.479023896     0.464769763     0.450704982     0.436838247     0.423177685     0.409730851     0.396504735     0.383505764     0.370739805     0.358212177     0.345927650     0.333890463     0.322104325     0.310572432     0.299297476     0.288281658     0.277526701     0.267033864     0.256803958     0.246837358     0.237134024     0.227693513     0.218514997 
    0.227219645     0.236763791     0.246580370     0.256670240     0.267033864     0.277671284     0.288582108     0.299765494     0.311220132     0.322944231     0.334935502     0.347191147     0.359707841     0.372481728     0.385508400     0.398782896     0.412299688     0.426052673     0.440035167     0.454239905     0.468659027     0.483284086     0.498106039     0.513115252     0.528301503     0.543653983     0.559161300     0.574811494     0.590592035     0.606489844     0.622491298     0.638582249     0.654748036     0.670973505     0.687243029     0.703540527     0.719849491     0.736153004     0.752433773     0.768674152     0.784856174     0.800961582     0.816971859     0.832868264     0.848631866     0.864243579     0.879684203     0.894934457     0.909975021     0.924786577     0.939349846     0.953645634     0.967654869     0.981358644     0.994738262     1.007775276     1.020451528     1.032749198     1.044650839     1.056139421     1.067198372     1.077811616     1.087963613     1.097639397     1.106824610     1.115505543     1.123669165     1.131303157     1.138395943     1.144936722     1.150915490     1.156323071     1.161151135     1.165392225     1.169039772     1.172088114     1.174532509     1.176369151     1.177595174     1.178208665     1.178208665     1.177595174     1.176369151     1.174532509     1.172088114     1.169039772     1.165392225     1.161151135     1.156323071     1.150915490     1.144936722     1.138395943     1.131303157     1.123669165     1.115505543     1.106824610     1.097639397     1.087963613     1.077811616     1.067198372     1.056139421     1.044650839     1.032749198     1.020451528     1.007775276     0.994738262     0.981358644     0.967654869     0.953645634     0.939349846     0.924786577     0.909975021     0.894934457     0.879684203     0.864243579     0.848631866     0.832868264     0.816971859     0.800961582     0.784856174     0.768674152     0.752433773     0.736153004     0.719849491     0.703540527     0.687243029     0.670973505     0.654748036     0.638582249     0.622491298     0.606489844     0.590592035     0.574811494     0.559161300     0.543653983     0.528301503     0.513115252     0.498106039     0.483284086     0.468659027     0.454239905     0.440035167     0.426052673     0.412299688     0.398782896     0.385508400     0.372481728     0.359707841     0.347191147     0.334935502     0.322944231     0.311220132     0.299765494     0.288582108     0.277671284     0.267033864     0.256670240     0.246580370     0.236763791     0.227219645 
    0.236148021     0.246067195     0.256269506     0.266755849     0.277526701     0.288582108     0.299921663     0.311544489     0.323449226     0.335634012     0.348096469     0.360833686     0.373842212     0.387118036     0.400656579     0.414452684     0.428500605     0.442794000     0.457325923     0.472088822     0.487074530     0.502274266     0.517678633     0.533277619     0.549060599     0.565016339     0.581133002     0.597398154     0.613798777     0.630321275     0.646951491     0.663674720     0.680475725     0.697338759     0.714247578     0.731185471     0.748135279     0.765079423     0.781999929     0.798878458     0.815696337     0.832434591     0.849073977     0.865595016     0.881978033     0.898203194     0.914250542     0.930100040     0.945731608     0.961125170     0.976260689     0.991118216     1.005677929     1.019920181     1.033825539     1.047374829     1.060549183     1.073330077     1.085699382     1.097639397     1.109132898     1.120163180     1.130714090     1.140770074     1.150316211     1.159338253     1.167822656     1.175756618     1.183128109     1.189925901     1.196139600     1.201759666     1.206777444     1.211185184     1.214976057     1.218144181     1.220684627     1.222593437     1.223867636     1.224505233     1.224505233     1.223867636     1.222593437     1.220684627     1.218144181     1.214976057     1.211185184     1.206777444     1.201759666     1.196139600     1.189925901     1.183128109     1.175756618     1.167822656     1.159338253     1.150316211     1.140770074     1.130714090     1.120163180     1.109132898     1.097639397     1.085699382     1.073330077     1.060549183     1.047374829     1.033825539     1.019920181     1.005677929     0.991118216     0.976260689     0.961125170     0.945731608     0.930100040     0.914250542     0.898203194     0.881978033     0.865595016     0.849073977     0.832434591     0.815696337     0.798878458     0.781999929     0.765079423     0.748135279     0.731185471     0.714247578     0.697338759     0.680475725     0.663674720     0.646951491     0.630321275     0.613798777     0.597398154     0.581133002     0.565016339     0.549060599     0.533277619     0.517678633     0.502274266     0.487074530     0.472088822     0.457325923     0.442794000     0.428500605     0.414452684     0.400656579     0.387118036     0.373842212     0.360833686     0.348096469     0.335634012     0.323449226     0.311544489     0.299921663     0.288582108     0.277526701     0.266755849     0.256269506     0.246067195     0.236148021 
    0.245299435     0.255603006     0.266200686     0.277093405     0.288281658     0.299765494     0.311544489     0.323617733     0.335983813     0.348640794     0.361586207     0.374817029     0.388329672     0.402119972     0.416183173     0.430513917     0.445106235     0.459953539     0.475048617     0.490383620     0.505950067     0.521738837     0.537740167     0.553943659     0.570338275     0.586912346     0.603653576     0.620549049     0.637585243     0.654748036     0.672022720     0.689394022     0.706846115     0.724362639     0.741926724     0.759521009     0.777127671     0.794728449     0.812304673     0.829837294     0.847306914     0.864693824     0.881978033     0.899139310     0.916157216     0.933011148     0.949680377     0.966144089     0.982381425     0.998371531     1.014093595     1.029526894     1.044650839     1.059445019     1.073889249     1.087963613     1.101648511     1.114924702     1.127773352     1.140176077     1.152114985     1.163572721     1.174532509     1.184978192     1.194894270     1.204265941     1.213079140     1.221320566     1.228977723     1.236038949     1.242493446     1.248331306     1.253543538     1.258122090     1.262059871     1.265350768     1.267989663     1.269972446     1.271296023     1.271958329     1.271958329     1.271296023     1.269972446     1.267989663     1.265350768     1.262059871     1.258122090     1.253543538     1.248331306     1.242493446     1.236038949     1.228977723     1.221320566     1.213079140     1.204265941     1.194894270     1.184978192     1.174532509     1.163572721     1.152114985     1.140176077     1.127773352     1.114924702     1.101648511     1.087963613     1.073889249     1.059445019     1.044650839     1.029526894     1.014093595     0.998371531     0.982381425     0.966144089     0.949680377     0.933011148     0.916157216     0.899139310     0.881978033     0.864693824     0.847306914     0.829837294     0.812304673     0.794728449     0.777127671     0.759521009     0.741926724     0.724362639     0.706846115     0.689394022     0.672022720     0.654748036     0.637585243     0.620549049     0.603653576     0.586912346     0.570338275     0.553943659     0.537740167     0.521738837     0.505950067     0.490383620     0.475048617     0.459953539     0.445106235     0.430513917     0.416183173     0.402119972     0.388329672     0.374817029     0.361586207     0.348640794     0.335983813     0.323617733     0.311544489     0.299765494     0.288281658     0.277093405     0.266200686     0.255603006     0.245299435 
    0.254672817     0.265370107     0.276372746     0.287681697     0.299297476     0.311220132     0.323449226     0.335983813     0.348822425     0.361963055     0.375403138     0.389139536     0.403168525     0.417485780     0.432086363     0.446964713     0.462114633     0.477529283     0.493201173     0.509122158     0.525283430     0.541675520     0.558288293     0.575110953     0.592132040     0.609339439     0.626720384     0.644261468     0.661948649     0.679767266     0.697702050     0.715737145     0.733856117     0.752041982     0.770277225     0.788543823     0.806823271     0.825096610     0.843344457     0.861547034     0.879684203     0.897735501     0.915680175     0.933497218     0.951165413     0.968663368     0.985969561     1.003062384     1.019920181     1.036521302     1.052844137     1.068867173     1.084569034     1.099928529     1.114924702     1.129536876     1.143744700     1.157528201     1.170867824     1.183744482     1.196139600     1.208035159     1.219413742     1.230258575     1.240553566     1.250283348     1.259433316     1.267989663     1.275939416     1.283270466     1.289971602     1.296032538     1.301443940     1.306197447     1.310285699     1.313702348     1.316442081     1.318500629     1.319874783     1.320562397     1.320562397     1.319874783     1.318500629     1.316442081     1.313702348     1.310285699     1.306197447     1.301443940     1.296032538     1.289971602     1.283270466     1.275939416     1.267989663     1.259433316     1.250283348     1.240553566     1.230258575     1.219413742     1.208035159     1.196139600     1.183744482     1.170867824     1.157528201     1.143744700     1.129536876     1.114924702     1.099928529     1.084569034     1.068867173     1.052844137     1.036521302     1.019920181     1.003062384     0.985969561     0.968663368     0.951165413     0.933497218     0.915680175     0.897735501     0.879684203     0.861547034     0.843344457     0.825096610     0.806823271     0.788543823     0.770277225     0.752041982     0.733856117     0.715737145     0.697702050     0.679767266     0.661948649     0.644261468     0.626720384     0.609339439     0.592132040     0.575110953     0.558288293     0.541675520     0.525283430     0.509122158     0.493201173     0.477529283     0.462114633     0.446964713     0.432086363     0.417485780     0.403168525     0.389139536     0.375403138     0.361963055     0.348822425     0.335983813     0.323449226     0.311220132     0.299297476     0.287681697     0.276372746     0.265370107     0.254672817 
    0.264266699     0.275366971     0.286784095     0.298519070     0.310572432     0.322944231     0.335634012     0.348640794     0.361963055     0.375598711     0.389545101     0.403798968     0.418356448     0.433213055     0.448363662     0.463802501     0.479523139     0.495518481     0.511780753     0.528301503     0.545071593     0.562081196     0.579319796     0.596776189     0.614438484     0.632294110     0.650329820     0.668531701     0.686885183     0.705375052     0.723985465     0.742699967     0.761501506     0.780372458     0.799294649     0.818249375     0.837217436     0.856179157     0.875114425     0.894002719     0.912823141     0.931554457     0.950175131     0.968663368     0.986997148     1.005154275     1.023112417     1.040849150     1.058342005     1.075568513     1.092506252     1.109132898     1.125426270     1.141364379     1.156925479     1.172088114     1.186831167     1.201133912     1.214976057     1.228337797     1.241199856     1.253543538     1.265350768     1.276604141     1.287286959     1.297383275     1.306877936     1.315756612     1.324005843     1.331613064     1.338566641     1.344855901     1.350471158     1.355403737     1.359645999     1.363191358     1.366034300     1.368170397     1.369596317     1.370309834     1.370309834     1.369596317     1.368170397     1.366034300     1.363191358     1.359645999     1.355403737     1.350471158     1.344855901     1.338566641     1.331613064     1.324005843     1.315756612     1.306877936     1.297383275     1.287286959     1.276604141     1.265350768     1.253543538     1.241199856     1.228337797     1.214976057     1.201133912     1.186831167     1.172088114     1.156925479     1.141364379     1.125426270     1.109132898     1.092506252     1.075568513     1.058342005     1.040849150     1.023112417     1.005154275     0.986997148     0.968663368     0.950175131     0.931554457     0.912823141     0.894002719     0.875114425     0.856179157     0.837217436     0.818249375     0.799294649     0.780372458     0.761501506     0.742699967     0.723985465     0.705375052     0.686885183     0.668531701     0.650329820     0.632294110     0.614438484     0.596776189     0.579319796     0.562081196     0.545071593     0.528301503     0.511780753     0.495518481     0.479523139     0.463802501     0.448363662     0.433213055     0.418356448     0.403798968     0.389545101     0.375598711     0.361963055     0.348640794     0.335634012     0.322944231     0.310572432     0.298519070     0.286784095     0.275366971     0.264266699 
    0.274079209     0.285591647     0.297432701     0.309603408     0.322104325     0.334935502     0.348096469     0.361586207     0.375403138     0.389545101     0.404009335     0.418792463     0.433890479     0.449298727     0.465011894     0.481023993     0.497328356     0.513917621     0.530783730     0.547917914     0.565310695     0.582951883     0.600830571     0.618935139     0.637253254     0.655771879     0.674477275     0.693355011     0.712389978     0.731566396     0.750867834     0.770277225     0.789776886     0.809348538     0.828973330     0.848631866     0.868304231     0.887970022     0.907608377     0.927198014     0.946717258     0.966144089     0.985456169     1.004630894     1.023645427     1.042476748     1.061101696     1.079497013     1.097639397     1.115505543     1.133072199     1.150316211     1.167214574     1.183744482     1.199883382     1.215609022     1.230899501     1.245733323     1.260089442     1.273947317     1.287286959     1.300088975     1.312334620     1.324005843     1.335085326     1.345556530     1.355403737     1.364612089     1.373167622     1.381057308     1.388269079     1.394791866     1.400615623     1.405731354     1.410131136     1.413808138     1.416756642     1.418972054     1.420450920     1.421190931     1.421190931     1.420450920     1.418972054     1.416756642     1.413808138     1.410131136     1.405731354     1.400615623     1.394791866     1.388269079     1.381057308     1.373167622     1.364612089     1.355403737     1.345556530     1.335085326     1.324005843     1.312334620     1.300088975     1.287286959     1.273947317     1.260089442     1.245733323     1.230899501     1.215609022     1.199883382     1.183744482     1.167214574     1.150316211     1.133072199     1.115505543     1.097639397     1.079497013     1.061101696     1.042476748     1.023645427     1.004630894     0.985456169     0.966144089     0.946717258     0.927198014     0.907608377     0.887970022     0.868304231     0.848631866     0.828973330     0.809348538     0.789776886     0.770277225     0.750867834     0.731566396     0.712389978     0.693355011     0.674477275     0.655771879     0.637253254     0.618935139     0.600830571     0.582951883     0.565310695     0.547917914     0.530783730     0.513917621     0.497328356     0.481023993     0.465011894     0.449298727     0.433890479     0.418792463     0.404009335     0.389545101     0.375403138     0.361586207     0.348096469     0.334935502     0.322104325     0.309603408     0.297432701     0.285591647     0.274079209 
    0.284108057     0.296041747     0.308316078     0.320932124     0.333890463     0.347191147     0.360833686     0.374817029     0.389139536     0.403798968     0.418792463     0.434116522     0.449766990     0.465739043     0.482027171     0.498625169     0.515526126     0.532722411     0.550205668     0.567966810     0.585996011     0.604282709     0.622815597     0.641582630     0.660571025     0.679767266     0.699157112     0.718725604     0.738457080     0.758335184     0.778342882     0.798462484     0.818675658     0.838963457     0.859306341     0.879684203     0.900076401     0.920461784     0.940818728     0.961125170     0.981358644     1.001496322     1.021515052     1.041391401     1.061101696     1.080622075     1.099928529     1.118996950     1.137803183     1.156323071     1.174532509     1.192407498     1.209924189     1.227058944     1.243788384     1.260089442     1.275939416     1.291316022     1.306197447     1.320562397     1.334390150     1.347660605     1.360354332     1.372452617     1.383937510     1.394791866     1.404999393     1.414544688     1.423413278     1.431591655     1.439067313     1.445828775     1.451865630     1.457168551     1.461729325     1.465540873     1.468597266     1.470893742     1.472426722     1.473193810     1.473193810     1.472426722     1.470893742     1.468597266     1.465540873     1.461729325     1.457168551     1.451865630     1.445828775     1.439067313     1.431591655     1.423413278     1.414544688     1.404999393     1.394791866     1.383937510     1.372452617     1.360354332     1.347660605     1.334390150     1.320562397     1.306197447     1.291316022     1.275939416     1.260089442     1.243788384     1.227058944     1.209924189     1.192407498     1.174532509     1.156323071     1.137803183     1.118996950     1.099928529     1.080622075     1.061101696     1.041391401     1.021515052     1.001496322     0.981358644     0.961125170     0.940818728     0.920461784     0.900076401     0.879684203     0.859306341     0.838963457     0.818675658     0.798462484     0.778342882     0.758335184     0.738457080     0.718725604     0.699157112     0.679767266     0.660571025     0.641582630     0.622815597     0.604282709     0.585996011     0.567966810     0.550205668     0.532722411     0.515526126     0.498625169     0.482027171     0.465739043     0.449766990     0.434116522     0.418792463     0.403798968     0.389139536     0.374817029     0.360833686     0.347191147     0.333890463     0.320932124     0.308316078     0.296041747     0.284108057 
    0.294350524     0.306714439     0.319431275     0.332502147     0.345927650     0.359707841     0.373842212     0.388329672     0.403168525     0.418356448     0.433890479     0.449766990     0.465981678     0.482529544     0.499404880     0.516601258     0.534111517     0.551927750     0.570041301     0.588442755     0.607121933     0.626067890     0.645268913     0.664712522     0.684385473     0.704273764     0.724362639     0.744636602     0.765079423     0.785674158     0.806403160     0.827248100     0.848189985     0.869209186     0.890285457     0.911397968     0.932525332     0.953645634     0.974736472     0.995774988     1.016737906     1.037601574     1.058342005     1.078934922     1.099355799     1.119579913     1.139582390     1.159338253     1.178822475     1.198010029     1.216875941     1.235395346     1.253543538     1.271296023     1.288628581     1.305517313     1.321938699     1.337869653     1.353287572     1.368170397     1.382496659     1.396245531     1.409396884     1.421931328     1.433830265     1.445075936     1.455651457     1.465540873     1.474729187     1.483202405     1.490947570     1.497952792     1.504207283     1.509701382     1.514426578     1.518375537     1.521542116     1.523921384     1.525509629     1.526304373     1.526304373     1.525509629     1.523921384     1.521542116     1.518375537     1.514426578     1.509701382     1.504207283     1.497952792     1.490947570     1.483202405     1.474729187     1.465540873     1.455651457     1.445075936     1.433830265     1.421931328     1.409396884     1.396245531     1.382496659     1.368170397     1.353287572     1.337869653     1.321938699     1.305517313     1.288628581     1.271296023     1.253543538     1.235395346     1.216875941     1.198010029     1.178822475     1.159338253     1.139582390     1.119579913     1.099355799     1.078934922     1.058342005     1.037601574     1.016737906     0.995774988     0.974736472     0.953645634     0.932525332     0.911397968     0.890285457     0.869209186     0.848189985     0.827248100     0.806403160     0.785674158     0.765079423     0.744636602     0.724362639     0.704273764     0.684385473     0.664712522     0.645268913     0.626067890     0.607121933     0.588442755     0.570041301     0.551927750     0.534111517     0.516601258     0.499404880     0.482529544     0.465981678     0.449766990     0.433890479     0.418356448     0.403168525     0.388329672     0.373842212     0.359707841     0.345927650     0.332502147     0.319431275     0.306714439     0.294350524 
    0.304803452     0.317606433     0.330774867     0.344309909     0.358212177     0.372481728     0.387118036     0.402119972     0.417485780     0.433213055     0.449298727     0.465739043     0.482529544     0.499665055     0.517139665     0.534946718     0.553078798     0.571527718     0.590284515     0.609339439     0.628681949     0.648300712     0.668183598     0.688317685     0.708689259     0.729283819     0.750086087     0.771080016     0.792248799     0.813574891     0.835040018     0.856625200     0.878310770     0.900076401     0.921901130     0.943763385     0.965641020     0.987511343     1.009351155     1.031136787     1.052844137     1.074448712     1.095925674     1.117249883     1.138395943     1.159338253     1.180051055     1.200508484     1.220684627     1.240553566     1.260089442     1.279266505     1.298059172     1.316442081     1.334390150     1.351878632     1.368883172     1.385379862     1.401345300     1.416756642     1.431591655     1.445828775     1.459447157     1.472426722     1.484748213     1.496393237     1.507344315     1.517584922     1.527099530     1.535873648     1.543893858     1.551147848     1.557624448     1.563313652     1.568206648     1.572295842     1.575574873     1.578038633     1.579683279     1.580506245     1.580506245     1.579683279     1.578038633     1.575574873     1.572295842     1.568206648     1.563313652     1.557624448     1.551147848     1.543893858     1.535873648     1.527099530     1.517584922     1.507344315     1.496393237     1.484748213     1.472426722     1.459447157     1.445828775     1.431591655     1.416756642     1.401345300     1.385379862     1.368883172     1.351878632     1.334390150     1.316442081     1.298059172     1.279266505     1.260089442     1.240553566     1.220684627     1.200508484     1.180051055     1.159338253     1.138395943     1.117249883     1.095925674     1.074448712     1.052844137     1.031136787     1.009351155     0.987511343     0.965641020     0.943763385     0.921901130     0.900076401     0.878310770     0.856625200     0.835040018     0.813574891     0.792248799     0.771080016     0.750086087     0.729283819     0.708689259     0.688317685     0.668183598     0.648300712     0.628681949     0.609339439     0.590284515     0.571527718     0.553078798     0.534946718     0.517139665     0.499665055     0.482529544     0.465739043     0.449298727     0.433213055     0.417485780     0.402119972     0.387118036     0.372481728     0.358212177     0.344309909     0.330774867     0.317606433     0.304803452 
    0.315463236     0.328713971     0.342342940     0.356351338     0.370739805     0.385508400     0.400656579     0.416183173     0.432086363     0.448363662     0.465011894     0.482027171     0.499404880     0.517139665     0.535225409     0.553655222     0.572421428     0.591515556     0.610928328     0.630649653     0.650668622     0.670973505     0.691551748     0.712389978     0.733473999     0.754788806     0.776318585     0.798046726     0.819955838     0.842027760     0.864243579     0.886583652     0.909027624     0.931554457     0.954142454     0.976769290     0.999412044     1.022047230     1.044650839     1.067198372     1.089664885     1.112025029     1.134253098     1.156323071     1.178208665     1.199883382     1.221320566     1.242493446     1.263375201     1.283939010     1.304158107     1.324005843     1.343455739     1.362481547     1.381057308     1.399157408     1.416756642     1.433830265     1.450354057     1.466304374     1.481658207     1.496393237     1.510487889     1.523921384     1.536673790     1.548726072     1.560060138     1.570658886     1.580506245     1.589587217     1.597887915     1.605395597     1.612098700     1.617986871     1.623050988     1.627283192     1.630676899     1.633226823     1.634928988     1.635780735     1.635780735     1.634928988     1.633226823     1.630676899     1.627283192     1.623050988     1.617986871     1.612098700     1.605395597     1.597887915     1.589587217     1.580506245     1.570658886     1.560060138     1.548726072     1.536673790     1.523921384     1.510487889     1.496393237     1.481658207     1.466304374     1.450354057     1.433830265     1.416756642     1.399157408     1.381057308     1.362481547     1.343455739     1.324005843     1.304158107     1.283939010     1.263375201     1.242493446     1.221320566     1.199883382     1.178208665     1.156323071     1.134253098     1.112025029     1.089664885     1.067198372     1.044650839     1.022047230     0.999412044     0.976769290     0.954142454     0.931554457     0.909027624     0.886583652     0.864243579     0.842027760     0.819955838     0.798046726     0.776318585     0.754788806     0.733473999     0.712389978     0.691551748     0.670973505     0.650668622     0.630649653     0.610928328     0.591515556     0.572421428     0.553655222     0.535225409     0.517139665     0.499404880     0.482027171     0.465011894     0.448363662     0.432086363     0.416183173     0.400656579     0.385508400     0.370739805     0.356351338     0.342342940     0.328713971     0.315463236 
