    0.000007126     0.000007933     0.000008823     0.000009801     0.000010877     0.000012059     0.000013355     0.000014775     0.000016329     0.000018027     0.000019882     0.000021904     0.000024107     0.000026504     0.000029109     0.000031937     0.000035003     0.000038323     0.000041915     0.000045796     0.000049983     0.000054497     0.000059356     0.000064582     0.000070194     0.000076215     0.000082666     0.000089570     0.000096949     0.000104827     0.000113227     0.000122173     0.000131688     0.000141797     0.000152522     0.000163888     0.000175918     0.000188635     0.000202059     0.000216214     0.000231120     0.000246796     0.000263261     0.000280532     0.000298624     0.000317553     0.000337330     0.000357965     0.000379468     0.000401843     0.000425094     0.000449223     0.000474227     0.000500102     0.000526839     0.000554428     0.000582854     0.000612099     0.000642143     0.000672960     0.000704522     0.000736796     0.000769747     0.000803333     0.000837513     0.000872237     0.000907456     0.000943113     0.000979151     0.001015508     0.001052119     0.001088914     0.001125823     0.001162771     0.001199681     0.001236475     0.001273070     0.001309383     0.001345330     0.001380825     0.001415781     0.001450110     0.001483725     0.001516539     0.001548465     0.001579417     0.001609311     0.001638063     0.001665593     0.001691822     0.001716675     0.001740080     0.001761967     0.001782273     0.001800935     0.001817898     0.001833111     0.001846526     0.001858103     0.001867806     0.001875605     0.001881475     0.001885399     0.001887364     0.001887364     0.001885399     0.001881475     0.001875605     0.001867806     0.001858103     0.001846526     0.001833111     0.001817898     0.001800935     0.001782273     0.001761967     0.001740080     0.001716675     0.001691822     0.001665593     0.001638063     0.001609311     0.001579417     0.001548465     0.001516539     0.001483725     0.001450110     0.001415781     0.001380825     0.001345330     0.001309383     0.001273070     0.001236475     0.001199681     0.001162771     0.001125823     0.001088914     0.001052119     0.001015508     0.000979151     0.000943113     0.000907456     0.000872237     0.000837513     0.000803333     0.000769747     0.000736796     0.000704522     0.000672960     0.000642143     0.000612099     0.000582854     0.000554428     0.000526839     0.000500102     0.000474227     0.000449223     0.000425094     0.000401843     0.000379468 
    0.000007933     0.000008832     0.000009822     0.000010911     0.000012109     0.000013425     0.000014868     0.000016448     0.000018178     0.000020069     0.000022134     0.000024385     0.000026838     0.000029506     0.000032406     0.000035554     0.000038967     0.000042664     0.000046662     0.000050982     0.000055644     0.000060669     0.000066079     0.000071897     0.000078145     0.000084847     0.000092029     0.000099715     0.000107929     0.000116700     0.000126051     0.000136010     0.000146603     0.000157856     0.000169797     0.000182450     0.000195843     0.000209999     0.000224944     0.000240702     0.000257296     0.000274748     0.000293077     0.000312304     0.000332446     0.000353519     0.000375535     0.000398508     0.000422446     0.000447355     0.000473240     0.000500102     0.000527938     0.000556743     0.000586508     0.000617222     0.000648867     0.000681425     0.000714872     0.000749179     0.000784315     0.000820245     0.000856927     0.000894318     0.000932368     0.000971026     0.001010233     0.001049929     0.001090049     0.001130524     0.001171281     0.001212243     0.001253333     0.001294465     0.001335556     0.001376516     0.001417256     0.001457682     0.001497701     0.001537216     0.001576130     0.001614348     0.001651770     0.001688301     0.001723843     0.001758300     0.001791580     0.001823588     0.001854236     0.001883436     0.001911104     0.001937159     0.001961526     0.001984131     0.002004907     0.002023791     0.002040727     0.002055661     0.002068550     0.002079351     0.002088033     0.002094569     0.002098937     0.002101125     0.002101125     0.002098937     0.002094569     0.002088033     0.002079351     0.002068550     0.002055661     0.002040727     0.002023791     0.002004907     0.001984131     0.001961526     0.001937159     0.001911104     0.001883436     0.001854236     0.001823588     0.001791580     0.001758300     0.001723843     0.001688301     0.001651770     0.001614348     0.001576130     0.001537216     0.001497701     0.001457682     0.001417256     0.001376516     0.001335556     0.001294465     0.001253333     0.001212243     0.001171281     0.001130524     0.001090049     0.001049929     0.001010233     0.000971026     0.000932368     0.000894318     0.000856927     0.000820245     0.000784315     0.000749179     0.000714872     0.000681425     0.000648867     0.000617222     0.000586508     0.000556743     0.000527938     0.000500102     0.000473240     0.000447355     0.000422446 
    0.000008823     0.000009822     0.000010923     0.000012135     0.000013467     0.000014930     0.000016534     0.000018292     0.000020216     0.000022319     0.000024615     0.000027119     0.000029846     0.000032814     0.000036039     0.000039540     0.000043336     0.000047447     0.000051893     0.000056697     0.000061882     0.000067470     0.000073487     0.000079956     0.000086905     0.000094359     0.000102345     0.000110893     0.000120028     0.000129782     0.000140181     0.000151257     0.000163037     0.000175552     0.000188831     0.000202903     0.000217797     0.000233540     0.000250161     0.000267685     0.000286139     0.000305547     0.000325931     0.000347314     0.000369713     0.000393148     0.000417633     0.000443181     0.000469802     0.000497504     0.000526290     0.000556163     0.000587119     0.000619153     0.000652255     0.000686412     0.000721605     0.000757813     0.000795009     0.000833162     0.000872237     0.000912194     0.000952989     0.000994571     0.001036887     0.001079878     0.001123480     0.001167626     0.001212243     0.001257255     0.001302581     0.001348136     0.001393831     0.001439575     0.001485272     0.001530824     0.001576130     0.001621088     0.001665593     0.001709537     0.001752814     0.001795316     0.001836934     0.001877559     0.001917085     0.001955406     0.001992415     0.002028012     0.002062095     0.002094569     0.002125338     0.002154315     0.002181413     0.002206552     0.002229657     0.002250658     0.002269492     0.002286101     0.002300434     0.002312446     0.002322102     0.002329370     0.002334228     0.002336660     0.002336660     0.002334228     0.002329370     0.002322102     0.002312446     0.002300434     0.002286101     0.002269492     0.002250658     0.002229657     0.002206552     0.002181413     0.002154315     0.002125338     0.002094569     0.002062095     0.002028012     0.001992415     0.001955406     0.001917085     0.001877559     0.001836934     0.001795316     0.001752814     0.001709537     0.001665593     0.001621088     0.001576130     0.001530824     0.001485272     0.001439575     0.001393831     0.001348136     0.001302581     0.001257255     0.001212243     0.001167626     0.001123480     0.001079878     0.001036887     0.000994571     0.000952989     0.000912194     0.000872237     0.000833162     0.000795009     0.000757813     0.000721605     0.000686412     0.000652255     0.000619153     0.000587119     0.000556163     0.000526290     0.000497504     0.000469802 
    0.000009801     0.000010911     0.000012135     0.000013481     0.000014961     0.000016586     0.000018369     0.000020322     0.000022459     0.000024795     0.000027346     0.000030127     0.000033158     0.000036454     0.000040037     0.000043927     0.000048144     0.000052710     0.000057650     0.000062988     0.000068747     0.000074956     0.000081639     0.000088827     0.000096546     0.000104827     0.000113700     0.000123195     0.000133345     0.000144180     0.000155733     0.000168037     0.000181125     0.000195028     0.000209780     0.000225413     0.000241959     0.000259449     0.000277914     0.000297383     0.000317884     0.000339445     0.000362091     0.000385845     0.000410730     0.000436765     0.000463966     0.000492348     0.000521923     0.000552698     0.000584678     0.000617865     0.000652255     0.000687843     0.000724618     0.000762564     0.000801661     0.000841886     0.000883208     0.000925595     0.000969005     0.001013395     0.001058715     0.001104911     0.001151921     0.001199681     0.001248121     0.001297165     0.001346732     0.001396738     0.001447092     0.001497701     0.001548465     0.001599284     0.001650051     0.001700656     0.001750989     0.001800935     0.001850377     0.001899197     0.001947275     0.001994492     0.002040727     0.002085860     0.002129771     0.002172342     0.002213458     0.002253004     0.002290869     0.002326944     0.002361128     0.002393319     0.002423423     0.002451351     0.002477019     0.002500351     0.002521274     0.002539726     0.002555649     0.002568994     0.002579720     0.002587795     0.002593191     0.002595894     0.002595894     0.002593191     0.002587795     0.002579720     0.002568994     0.002555649     0.002539726     0.002521274     0.002500351     0.002477019     0.002451351     0.002423423     0.002393319     0.002361128     0.002326944     0.002290869     0.002253004     0.002213458     0.002172342     0.002129771     0.002085860     0.002040727     0.001994492     0.001947275     0.001899197     0.001850377     0.001800935     0.001750989     0.001700656     0.001650051     0.001599284     0.001548465     0.001497701     0.001447092     0.001396738     0.001346732     0.001297165     0.001248121     0.001199681     0.001151921     0.001104911     0.001058715     0.001013395     0.000969005     0.000925595     0.000883208     0.000841886     0.000801661     0.000762564     0.000724618     0.000687843     0.000652255     0.000617865     0.000584678     0.000552698     0.000521923 
    0.000010877     0.000012109     0.000013467     0.000014961     0.000016603     0.000018407     0.000020385     0.000022553     0.000024925     0.000027517     0.000030348     0.000033435     0.000036798     0.000040457     0.000044433     0.000048749     0.000053429     0.000058497     0.000063979     0.000069903     0.000076295     0.000083185     0.000090602     0.000098578     0.000107145     0.000116335     0.000126182     0.000136720     0.000147984     0.000160009     0.000172830     0.000186485     0.000201010     0.000216440     0.000232811     0.000250161     0.000268523     0.000287933     0.000308425     0.000330031     0.000352783     0.000376711     0.000401843     0.000428205     0.000455822     0.000484715     0.000514903     0.000546401     0.000579222     0.000613376     0.000648867     0.000685697     0.000723864     0.000763359     0.000804170     0.000846282     0.000889672     0.000934313     0.000980172     0.001027211     0.001075387     0.001124651     0.001174947     0.001226214     0.001278385     0.001331389     0.001385147     0.001439575     0.001494584     0.001550079     0.001605962     0.001662126     0.001718464     0.001774862     0.001831202     0.001887364     0.001943223     0.001998651     0.002053521     0.002107701     0.002161057     0.002213458     0.002264769     0.002314856     0.002363589     0.002410834     0.002456463     0.002500351     0.002542372     0.002582409     0.002620345     0.002656070     0.002689480     0.002720474     0.002748960     0.002774853     0.002798073     0.002818550     0.002836221     0.002851032     0.002862936     0.002871897     0.002877886     0.002880885     0.002880885     0.002877886     0.002871897     0.002862936     0.002851032     0.002836221     0.002818550     0.002798073     0.002774853     0.002748960     0.002720474     0.002689480     0.002656070     0.002620345     0.002582409     0.002542372     0.002500351     0.002456463     0.002410834     0.002363589     0.002314856     0.002264769     0.002213458     0.002161057     0.002107701     0.002053521     0.001998651     0.001943223     0.001887364     0.001831202     0.001774862     0.001718464     0.001662126     0.001605962     0.001550079     0.001494584     0.001439575     0.001385147     0.001331389     0.001278385     0.001226214     0.001174947     0.001124651     0.001075387     0.001027211     0.000980172     0.000934313     0.000889672     0.000846282     0.000804170     0.000763359     0.000723864     0.000685697     0.000648867     0.000613376     0.000579222 
    0.000012059     0.000013425     0.000014930     0.000016586     0.000018407     0.000020406     0.000022600     0.000025003     0.000027632     0.000030506     0.000033645     0.000037067     0.000040795     0.000044851     0.000049260     0.000054045     0.000059233     0.000064852     0.000070929     0.000077496     0.000084583     0.000092221     0.000100444     0.000109287     0.000118785     0.000128973     0.000139890     0.000151572     0.000164059     0.000177390     0.000191605     0.000206743     0.000222845     0.000239951     0.000258102     0.000277335     0.000297693     0.000319211     0.000341929     0.000365882     0.000391106     0.000417633     0.000445495     0.000474721     0.000505338     0.000537370     0.000570837     0.000605756     0.000642143     0.000680007     0.000719354     0.000760185     0.000802497     0.000846282     0.000891528     0.000938214     0.000986317     0.001035807     0.001086648     0.001138797     0.001192207     0.001246822     0.001302581     0.001359417     0.001417256     0.001476018     0.001535615     0.001595956     0.001656940     0.001718464     0.001780417     0.001842683     0.001905141     0.001967665     0.002030126     0.002092388     0.002154315     0.002215765     0.002276595     0.002336660     0.002395813     0.002453906     0.002510791     0.002566319     0.002620345     0.002672723     0.002723309     0.002771964     0.002818550     0.002862936     0.002904993     0.002944599     0.002981638     0.003015999     0.003047580     0.003076285     0.003102028     0.003124729     0.003144320     0.003160739     0.003173937     0.003183871     0.003190511     0.003193836     0.003193836     0.003190511     0.003183871     0.003173937     0.003160739     0.003144320     0.003124729     0.003102028     0.003076285     0.003047580     0.003015999     0.002981638     0.002944599     0.002904993     0.002862936     0.002818550     0.002771964     0.002723309     0.002672723     0.002620345     0.002566319     0.002510791     0.002453906     0.002395813     0.002336660     0.002276595     0.002215765     0.002154315     0.002092388     0.002030126     0.001967665     0.001905141     0.001842683     0.001780417     0.001718464     0.001656940     0.001595956     0.001535615     0.001476018     0.001417256     0.001359417     0.001302581     0.001246822     0.001192207     0.001138797     0.001086648     0.001035807     0.000986317     0.000938214     0.000891528     0.000846282     0.000802497     0.000760185     0.000719354     0.000680007     0.000642143 
    0.000013355     0.000014868     0.000016534     0.000018369     0.000020385     0.000022600     0.000025029     0.000027690     0.000030602     0.000033785     0.000037261     0.000041051     0.000045180     0.000049672     0.000054554     0.000059853     0.000065599     0.000071822     0.000078553     0.000085825     0.000093673     0.000102132     0.000111240     0.000121033     0.000131551     0.000142834     0.000154924     0.000167862     0.000181692     0.000196456     0.000212198     0.000228963     0.000246796     0.000265740     0.000285841     0.000307142     0.000329687     0.000353519     0.000378678     0.000405206     0.000433140     0.000462518     0.000493375     0.000525742     0.000559650     0.000595124     0.000632188     0.000670861     0.000711158     0.000753091     0.000796667     0.000841886     0.000888746     0.000937237     0.000987345     0.001039049     0.001092322     0.001147131     0.001203436     0.001261190     0.001320340     0.001380825     0.001442577     0.001505521     0.001569577     0.001634654     0.001700656     0.001767482     0.001835021     0.001903157     0.001971769     0.002040727     0.002109897     0.002179142     0.002248315     0.002317269     0.002385851     0.002453906     0.002521274     0.002587795     0.002653305     0.002717641     0.002780640     0.002842136     0.002901969     0.002959976     0.003015999     0.003069883     0.003121476     0.003170632     0.003217209     0.003261072     0.003302091     0.003340145     0.003375120     0.003406911     0.003435421     0.003460562     0.003482258     0.003500442     0.003515058     0.003526060     0.003533413     0.003537096     0.003537096     0.003533413     0.003526060     0.003515058     0.003500442     0.003482258     0.003460562     0.003435421     0.003406911     0.003375120     0.003340145     0.003302091     0.003261072     0.003217209     0.003170632     0.003121476     0.003069883     0.003015999     0.002959976     0.002901969     0.002842136     0.002780640     0.002717641     0.002653305     0.002587795     0.002521274     0.002453906     0.002385851     0.002317269     0.002248315     0.002179142     0.002109897     0.002040727     0.001971769     0.001903157     0.001835021     0.001767482     0.001700656     0.001634654     0.001569577     0.001505521     0.001442577     0.001380825     0.001320340     0.001261190     0.001203436     0.001147131     0.001092322     0.001039049     0.000987345     0.000937237     0.000888746     0.000841886     0.000796667     0.000753091     0.000711158 
    0.000014775     0.000016448     0.000018292     0.000020322     0.000022553     0.000025003     0.000027690     0.000030634     0.000033856     0.000037377     0.000041222     0.000045415     0.000049983     0.000054953     0.000060354     0.000066217     0.000072574     0.000079458     0.000086905     0.000094950     0.000103633     0.000112991     0.000123067     0.000133901     0.000145538     0.000158021     0.000171396     0.000185710     0.000201010     0.000217343     0.000234759     0.000253307     0.000273036     0.000293995     0.000316233     0.000339799     0.000364741     0.000391106     0.000418940     0.000448288     0.000479193     0.000511695     0.000545832     0.000581641     0.000619153     0.000658399     0.000699404     0.000742188     0.000786770     0.000833162     0.000881370     0.000931398     0.000983240     0.001036887     0.001092322     0.001149524     0.001208461     0.001269097     0.001331389     0.001395284     0.001460722     0.001527638     0.001595956     0.001665593     0.001736458     0.001808455     0.001881475     0.001955406     0.002030126     0.002105506     0.002181413     0.002257702     0.002334228     0.002410834     0.002487362     0.002563647     0.002639522     0.002714812     0.002789343     0.002862936     0.002935412     0.003006588     0.003076285     0.003144320     0.003210514     0.003274688     0.003336668     0.003396281     0.003453360     0.003507743     0.003559272     0.003607798     0.003653179     0.003695279     0.003733973     0.003769143     0.003800684     0.003828498     0.003852502     0.003872619     0.003888789     0.003900960     0.003909095     0.003913170     0.003913170     0.003909095     0.003900960     0.003888789     0.003872619     0.003852502     0.003828498     0.003800684     0.003769143     0.003733973     0.003695279     0.003653179     0.003607798     0.003559272     0.003507743     0.003453360     0.003396281     0.003336668     0.003274688     0.003210514     0.003144320     0.003076285     0.003006588     0.002935412     0.002862936     0.002789343     0.002714812     0.002639522     0.002563647     0.002487362     0.002410834     0.002334228     0.002257702     0.002181413     0.002105506     0.002030126     0.001955406     0.001881475     0.001808455     0.001736458     0.001665593     0.001595956     0.001527638     0.001460722     0.001395284     0.001331389     0.001269097     0.001208461     0.001149524     0.001092322     0.001036887     0.000983240     0.000931398     0.000881370     0.000833162     0.000786770 
    0.000016329     0.000018178     0.000020216     0.000022459     0.000024925     0.000027632     0.000030602     0.000033856     0.000037416     0.000041308     0.000045558     0.000050192     0.000055240     0.000060732     0.000066702     0.000073181     0.000080206     0.000087815     0.000096044     0.000104936     0.000114532     0.000124875     0.000136010     0.000147984     0.000160844     0.000174640     0.000189422     0.000205241     0.000222150     0.000240201     0.000259449     0.000279948     0.000301751     0.000324914     0.000349491     0.000375535     0.000403101     0.000432239     0.000463000     0.000495435     0.000529590     0.000565510     0.000603238     0.000642812     0.000684270     0.000727644     0.000772961     0.000820245     0.000869516     0.000920786     0.000974065     0.001029354     0.001086648     0.001145937     0.001207203     0.001270420     0.001335556     0.001402570     0.001471412     0.001542027     0.001614348     0.001688301     0.001763804     0.001840765     0.001919083     0.001998651     0.002079351     0.002161057     0.002243636     0.002326944     0.002410834     0.002495147     0.002579720     0.002664383     0.002748960     0.002833269     0.002917122     0.003000331     0.003082701     0.003164034     0.003244132     0.003322794     0.003399821     0.003475011     0.003548167     0.003619090     0.003687588     0.003753471     0.003816553     0.003876655     0.003933604     0.003987234     0.004037387     0.004083915     0.004126678     0.004165547     0.004200405     0.004231145     0.004257673     0.004279906     0.004297776     0.004311228     0.004320219     0.004324721     0.004324721     0.004320219     0.004311228     0.004297776     0.004279906     0.004257673     0.004231145     0.004200405     0.004165547     0.004126678     0.004083915     0.004037387     0.003987234     0.003933604     0.003876655     0.003816553     0.003753471     0.003687588     0.003619090     0.003548167     0.003475011     0.003399821     0.003322794     0.003244132     0.003164034     0.003082701     0.003000331     0.002917122     0.002833269     0.002748960     0.002664383     0.002579720     0.002495147     0.002410834     0.002326944     0.002243636     0.002161057     0.002079351     0.001998651     0.001919083     0.001840765     0.001763804     0.001688301     0.001614348     0.001542027     0.001471412     0.001402570     0.001335556     0.001270420     0.001207203     0.001145937     0.001086648     0.001029354     0.000974065     0.000920786     0.000869516 
    0.000018027     0.000020069     0.000022319     0.000024795     0.000027517     0.000030506     0.000033785     0.000037377     0.000041308     0.000045605     0.000050297     0.000055413     0.000060986     0.000067050     0.000073640     0.000080793     0.000088549     0.000096949     0.000106035     0.000115852     0.000126445     0.000137864     0.000150158     0.000163377     0.000177575     0.000192806     0.000209126     0.000226591     0.000245258     0.000265187     0.000286437     0.000309068     0.000333139     0.000358712     0.000385845     0.000414599     0.000445031     0.000477200     0.000511162     0.000546970     0.000584678     0.000624335     0.000665987     0.000709678     0.000755448     0.000803333     0.000853364     0.000905567     0.000959963     0.001016567     0.001075387     0.001136427     0.001199681     0.001265138     0.001332776     0.001402570     0.001474481     0.001548465     0.001624469     0.001702429     0.001782273     0.001863919     0.001947275     0.002032241     0.002118707     0.002206552     0.002295646     0.002385851     0.002477019     0.002568994     0.002661610     0.002754693     0.002848064     0.002941533     0.003034908     0.003127986     0.003220562     0.003312427     0.003403364     0.003493157     0.003581587     0.003668432     0.003753471     0.003836483     0.003917248     0.003995549     0.004071172     0.004143908     0.004213552     0.004279906     0.004342778     0.004401987     0.004457357     0.004508725     0.004555936     0.004598849     0.004637333     0.004671270     0.004700557     0.004725103     0.004744832     0.004759683     0.004769609     0.004774580     0.004774580     0.004769609     0.004759683     0.004744832     0.004725103     0.004700557     0.004671270     0.004637333     0.004598849     0.004555936     0.004508725     0.004457357     0.004401987     0.004342778     0.004279906     0.004213552     0.004143908     0.004071172     0.003995549     0.003917248     0.003836483     0.003753471     0.003668432     0.003581587     0.003493157     0.003403364     0.003312427     0.003220562     0.003127986     0.003034908     0.002941533     0.002848064     0.002754693     0.002661610     0.002568994     0.002477019     0.002385851     0.002295646     0.002206552     0.002118707     0.002032241     0.001947275     0.001863919     0.001782273     0.001702429     0.001624469     0.001548465     0.001474481     0.001402570     0.001332776     0.001265138     0.001199681     0.001136427     0.001075387     0.001016567     0.000959963 
    0.000019882     0.000022134     0.000024615     0.000027346     0.000030348     0.000033645     0.000037261     0.000041222     0.000045558     0.000050297     0.000055471     0.000061113     0.000067260     0.000073947     0.000081215     0.000089105     0.000097659     0.000106922     0.000116943     0.000127770     0.000139453     0.000152046     0.000165605     0.000180184     0.000195843     0.000212641     0.000230639     0.000249900     0.000270488     0.000292467     0.000315903     0.000340862     0.000367410     0.000395613     0.000425537     0.000457249     0.000490812     0.000526290     0.000563746     0.000603238     0.000644824     0.000688560     0.000734497     0.000782683     0.000833162     0.000885973     0.000941150     0.000998723     0.001058715     0.001121142     0.001186013     0.001253333     0.001323094     0.001395284     0.001469880     0.001546853     0.001626162     0.001707757     0.001791580     0.001877559     0.001965617     0.002055661     0.002147593     0.002241300     0.002336660     0.002433542     0.002531801     0.002631286     0.002731833     0.002833269     0.002935412     0.003038071     0.003141046     0.003244132     0.003347111     0.003449765     0.003551865     0.003653179     0.003753471     0.003852502     0.003950028     0.004045807     0.004139594     0.004231145     0.004320219     0.004406575     0.004489977     0.004570196     0.004647004     0.004720184     0.004789524     0.004854823     0.004915889     0.004972541     0.005024609     0.005071936     0.005114379     0.005151808     0.005184107     0.005211178     0.005232937     0.005249315     0.005260263     0.005265745     0.005265745     0.005260263     0.005249315     0.005232937     0.005211178     0.005184107     0.005151808     0.005114379     0.005071936     0.005024609     0.004972541     0.004915889     0.004854823     0.004789524     0.004720184     0.004647004     0.004570196     0.004489977     0.004406575     0.004320219     0.004231145     0.004139594     0.004045807     0.003950028     0.003852502     0.003753471     0.003653179     0.003551865     0.003449765     0.003347111     0.003244132     0.003141046     0.003038071     0.002935412     0.002833269     0.002731833     0.002631286     0.002531801     0.002433542     0.002336660     0.002241300     0.002147593     0.002055661     0.001965617     0.001877559     0.001791580     0.001707757     0.001626162     0.001546853     0.001469880     0.001395284     0.001323094     0.001253333     0.001186013     0.001121142     0.001058715 
    0.000021904     0.000024385     0.000027119     0.000030127     0.000033435     0.000037067     0.000041051     0.000045415     0.000050192     0.000055413     0.000061113     0.000067330     0.000074102     0.000081469     0.000089477     0.000098169     0.000107593     0.000117799     0.000128839     0.000140767     0.000153639     0.000167513     0.000182450     0.000198513     0.000215764     0.000234271     0.000254100     0.000275321     0.000298003     0.000322218     0.000348038     0.000375535     0.000404784     0.000435856     0.000468824     0.000503762     0.000540739     0.000579826     0.000621091     0.000664601     0.000710418     0.000758603     0.000809212     0.000862300     0.000917913     0.000976096     0.001036887     0.001100316     0.001166410     0.001235187     0.001306658     0.001380825     0.001457682     0.001537216     0.001619400     0.001704203     0.001791580     0.001881475     0.001973824     0.002068550     0.002165564     0.002264769     0.002366052     0.002469291     0.002574352     0.002681088     0.002789343     0.002898947     0.003009722     0.003121476     0.003234009     0.003347111     0.003460562     0.003574133     0.003687588     0.003800684     0.003913170     0.004024790     0.004135284     0.004244388     0.004351835     0.004457357     0.004560684     0.004661548     0.004759683     0.004854823     0.004946710     0.005035088     0.005119709     0.005200333     0.005276727     0.005348669     0.005415947     0.005478361     0.005535726     0.005587867     0.005634627     0.005675863     0.005711449     0.005741273     0.005765245     0.005783290     0.005795351     0.005801391     0.005801391     0.005795351     0.005783290     0.005765245     0.005741273     0.005711449     0.005675863     0.005634627     0.005587867     0.005535726     0.005478361     0.005415947     0.005348669     0.005276727     0.005200333     0.005119709     0.005035088     0.004946710     0.004854823     0.004759683     0.004661548     0.004560684     0.004457357     0.004351835     0.004244388     0.004135284     0.004024790     0.003913170     0.003800684     0.003687588     0.003574133     0.003460562     0.003347111     0.003234009     0.003121476     0.003009722     0.002898947     0.002789343     0.002681088     0.002574352     0.002469291     0.002366052     0.002264769     0.002165564     0.002068550     0.001973824     0.001881475     0.001791580     0.001704203     0.001619400     0.001537216     0.001457682     0.001380825     0.001306658     0.001235187     0.001166410 
    0.000024107     0.000026838     0.000029846     0.000033158     0.000036798     0.000040795     0.000045180     0.000049983     0.000055240     0.000060986     0.000067260     0.000074102     0.000081554     0.000089663     0.000098476     0.000108042     0.000118414     0.000129646     0.000141797     0.000154924     0.000169091     0.000184361     0.000200800     0.000218478     0.000237465     0.000257833     0.000279656     0.000303011     0.000327975     0.000354625     0.000383042     0.000413305     0.000445495     0.000479692     0.000515977     0.000554428     0.000595124     0.000638142     0.000683558     0.000731443     0.000781868     0.000834899     0.000890599     0.000949026     0.001010233     0.001074268     0.001141172     0.001210981     0.001283723     0.001359417     0.001438076     0.001519702     0.001604290     0.001691822     0.001782273     0.001875605     0.001971769     0.002070705     0.002172342     0.002276595     0.002383367     0.002492549     0.002604019     0.002717641     0.002833269     0.002950740     0.003069883     0.003190511     0.003312427     0.003435421     0.003559272     0.003683749     0.003808610     0.003933604     0.004058470     0.004182940     0.004306739     0.004429586     0.004551193     0.004671270     0.004789524     0.004905659     0.005019378     0.005130387     0.005238391     0.005343100     0.005444228     0.005541495     0.005634627     0.005723360     0.005807437     0.005886614     0.005960659     0.006029351     0.006092485     0.006149870     0.006201333     0.006246717     0.006285881     0.006318705     0.006345088     0.006364948     0.006378222     0.006384869     0.006384869     0.006378222     0.006364948     0.006345088     0.006318705     0.006285881     0.006246717     0.006201333     0.006149870     0.006092485     0.006029351     0.005960659     0.005886614     0.005807437     0.005723360     0.005634627     0.005541495     0.005444228     0.005343100     0.005238391     0.005130387     0.005019378     0.004905659     0.004789524     0.004671270     0.004551193     0.004429586     0.004306739     0.004182940     0.004058470     0.003933604     0.003808610     0.003683749     0.003559272     0.003435421     0.003312427     0.003190511     0.003069883     0.002950740     0.002833269     0.002717641     0.002604019     0.002492549     0.002383367     0.002276595     0.002172342     0.002070705     0.001971769     0.001875605     0.001782273     0.001691822     0.001604290     0.001519702     0.001438076     0.001359417     0.001283723 
    0.000026504     0.000029506     0.000032814     0.000036454     0.000040457     0.000044851     0.000049672     0.000054953     0.000060732     0.000067050     0.000073947     0.000081469     0.000089663     0.000098578     0.000108267     0.000118785     0.000130188     0.000142537     0.000155896     0.000170328     0.000185904     0.000202692     0.000220766     0.000240201     0.000261076     0.000283469     0.000307462     0.000333139     0.000360585     0.000389885     0.000421128     0.000454400     0.000489791     0.000527388     0.000567280     0.000609554     0.000654297     0.000701593     0.000751524     0.000804170     0.000859609     0.000917913     0.000979151     0.001043388     0.001110680     0.001181082     0.001254639     0.001331389     0.001411363     0.001494584     0.001581063     0.001670806     0.001763804     0.001860039     0.001959484     0.002062095     0.002167821     0.002276595     0.002388338     0.002502957     0.002620345     0.002740383     0.002862936     0.002987856     0.003114980     0.003244132     0.003375120     0.003507743     0.003641780     0.003777004     0.003913170     0.004050023     0.004187299     0.004324721     0.004462003     0.004598849     0.004734957     0.004870018     0.005003717     0.005135734     0.005265745     0.005393427     0.005518454     0.005640500     0.005759243     0.005874363     0.005985547     0.006092485     0.006194877     0.006292432     0.006384869     0.006471919     0.006553326     0.006628848     0.006698259     0.006761351     0.006817931     0.006867827     0.006910885     0.006946973     0.006975979     0.006997813     0.007012407     0.007019715     0.007019715     0.007012407     0.006997813     0.006975979     0.006946973     0.006910885     0.006867827     0.006817931     0.006761351     0.006698259     0.006628848     0.006553326     0.006471919     0.006384869     0.006292432     0.006194877     0.006092485     0.005985547     0.005874363     0.005759243     0.005640500     0.005518454     0.005393427     0.005265745     0.005135734     0.005003717     0.004870018     0.004734957     0.004598849     0.004462003     0.004324721     0.004187299     0.004050023     0.003913170     0.003777004     0.003641780     0.003507743     0.003375120     0.003244132     0.003114980     0.002987856     0.002862936     0.002740383     0.002620345     0.002502957     0.002388338     0.002276595     0.002167821     0.002062095     0.001959484     0.001860039     0.001763804     0.001670806     0.001581063     0.001494584     0.001411363 
    0.000029109     0.000032406     0.000036039     0.000040037     0.000044433     0.000049260     0.000054554     0.000060354     0.000066702     0.000073640     0.000081215     0.000089477     0.000098476     0.000108267     0.000118908     0.000130459     0.000142983     0.000156546     0.000171218     0.000187069     0.000204175     0.000222613     0.000242464     0.000263810     0.000286736     0.000311330     0.000337681     0.000365882     0.000396025     0.000428205     0.000462518     0.000499061     0.000537930     0.000579222     0.000623035     0.000669464     0.000718605     0.000770549     0.000825387     0.000883208     0.000944096     0.001008131     0.001075387     0.001145937     0.001219844     0.001297165     0.001377951     0.001462245     0.001550079     0.001641479     0.001736458     0.001835021     0.001937159     0.002042854     0.002152072     0.002264769     0.002380886     0.002500351     0.002623076     0.002748960     0.002877886     0.003009722     0.003144320     0.003281518     0.003421136     0.003562981     0.003706845     0.003852502     0.003999713     0.004148227     0.004297776     0.004448081     0.004598849     0.004749777     0.004900551     0.005050847     0.005200333     0.005348669     0.005495508     0.005640500     0.005783290     0.005923521     0.006060836     0.006194877     0.006325291     0.006451726     0.006573837     0.006691286     0.006803742     0.006910885     0.007012407     0.007108013     0.007197420     0.007280365     0.007356599     0.007425891     0.007488032     0.007542832     0.007590122     0.007629757     0.007661614     0.007685594     0.007701622     0.007709649     0.007709649     0.007701622     0.007685594     0.007661614     0.007629757     0.007590122     0.007542832     0.007488032     0.007425891     0.007356599     0.007280365     0.007197420     0.007108013     0.007012407     0.006910885     0.006803742     0.006691286     0.006573837     0.006451726     0.006325291     0.006194877     0.006060836     0.005923521     0.005783290     0.005640500     0.005495508     0.005348669     0.005200333     0.005050847     0.004900551     0.004749777     0.004598849     0.004448081     0.004297776     0.004148227     0.003999713     0.003852502     0.003706845     0.003562981     0.003421136     0.003281518     0.003144320     0.003009722     0.002877886     0.002748960     0.002623076     0.002500351     0.002380886     0.002264769     0.002152072     0.002042854     0.001937159     0.001835021     0.001736458     0.001641479     0.001550079 
